reverse all
reverse rotate
Enable track
Real world
(2.6, 1.1, 0.7)
(2.6, 1.1, 0.7)
(2.6, 1.1, 0.7)
(2.6, 1.1, 0.7)
(2.6, 1.1, 0.7)
(2.6, 1.1, 0.7)
(2.6, 1.1, 0.7)
(2.6, 1.1, 0.7)
(2.6, 1.1, 0.7)
(2.6, 1.1, 0.7)
(2.6, 1.1, 0.7)
(2.6, 1.1, 0.7)
(0.4, 1.5, 0.3)
(0.4, 1.5, 0.3)
(0.0, 1.2, 0.0)
(0.0, 1.2, 0.0)
(0.0, 1.1, 0.0)
(-0.1, 1.1, 0.0)
(0.0, 1.1, 0.1)
(0.1, 1.0, 0.1)
(0.1, 1.1, 0.1)
(-0.2, 1.1, 0.3)
(-0.3, 1.4, 0.5)
(-0.1, 1.5, 0.6)
(-0.1, 1.5, 0.5)
(0.1, 1.6, 0.5)
(0.2, 1.6, 0.5)
(0.3, 1.6, 0.4)
(0.3, 1.6, 0.5)
(0.3, 1.6, 0.7)
(0.2, 1.6, 0.7)
(0.2, 1.7, 0.5)
(0.0, 1.6, 0.4)
(-0.4, 1.5, 0.3)
(-0.1, 1.5, 0.3)
(0.1, 1.6, 0.3)
(0.0, 1.5, 0.5)
(0.0, 1.5, 0.6)
(0.0, 1.3, 0.6)
(0.0, 1.1, 0.3)
(0.0, 1.1, 0.3)
(0.0, 1.1, 0.3)
(0.0, 1.1, 0.4)
(0.0, 1.0, 0.5)
(0.0, 1.0, 0.4)
(0.0, 1.1, 0.3)
(0.0, 1.1, 0.3)
(0.0, 1.1, 0.4)
(0.0, 1.3, 0.5)
(0.0, 1.4, 0.5)
(0.0, 1.5, 0.4)
(0.0, 1.5, 0.4)
(0.0, 1.5, 0.4)
(0.0, 1.6, 0.3)
(0.1, 1.7, 0.3)
(0.2, 1.7, 0.3)
(0.2, 1.7, 0.3)
(0.2, 1.7, 0.3)
(0.2, 1.7, 0.3)
(0.2, 1.7, 0.3)
(0.2, 1.7, 0.3)
(0.2, 1.7, 0.3)
(0.2, 1.7, 0.3)
reverse left and right
normal rotate
Enable track
Real world
(0.2, 1.6, 0.3)
(0.2, 1.5, 0.4)
normal translate
normal rotate
Enable track
Real world
(0.2, 1.5, 0.4)
(0.2, 1.5, 0.4)
reverse all
normal rotate
Enable track
Real world
(0.2, 1.5, 0.4)
(0.1, 1.6, 0.5)
reverse front and back
normal rotate
Enable track
Real world
(0.1, 1.7, 0.6)
(0.1, 1.7, 0.6)
reverse left and right
normal rotate
Enable track
Real world
(0.0, 1.7, 0.5)
normal translate
normal rotate
Enable track
Real world
(0.0, 1.6, 0.6)
(0.0, 1.5, 0.6)
(0.0, 1.5, 0.6)
(0.1, 1.5, 0.6)
(0.1, 1.5, 0.6)
(0.1, 1.6, 0.6)
(0.1, 1.6, 0.6)
(0.1, 1.7, 0.5)
(0.0, 1.7, 0.5)
(0.0, 1.7, 0.5)
(0.0, 1.7, 0.5)
(0.0, 1.7, 0.5)
(0.0, 1.7, 0.5)
(0.1, 1.7, 0.5)
(0.1, 1.7, 0.5)
(0.0, 1.7, 0.5)
(0.0, 1.7, 0.5)
reverse all
normal rotate
Enable track
Real world
(0.0, 1.7, 0.5)
(0.0, 1.7, 0.5)
(0.0, 1.6, 0.5)
(0.0, 1.5, 0.6)
(0.0, 1.5, 0.6)
(0.0, 1.6, 0.6)
(0.0, 1.6, 0.6)
(0.0, 1.6, 0.5)
(0.0, 1.6, 0.6)
(0.0, 1.5, 0.6)
(0.0, 1.6, 0.6)
(0.1, 1.6, 0.6)
(0.2, 1.6, 0.5)
(0.2, 1.6, 0.5)
(0.1, 1.7, 0.5)
(0.0, 1.7, 0.5)
(0.0, 1.7, 0.5)
(0.0, 1.7, 0.5)
(0.0, 1.7, 0.5)
(0.0, 1.6, 0.5)
(0.0, 1.6, 0.5)
(-0.1, 1.5, 0.6)
(-0.1, 1.2, 0.7)
(0.0, 1.1, 0.7)
(-0.1, 1.2, 0.4)
(-0.2, 1.2, 0.3)
(-0.2, 1.2, 0.3)
(-0.2, 1.2, 0.3)
(-0.2, 1.2, 0.3)
(-0.2, 1.2, 0.3)
(-0.2, 1.2, 0.3)
(-0.2, 1.2, 0.3)
(-0.2, 1.2, 0.3)
(-0.2, 1.2, 0.3)
(-0.2, 1.2, 0.3)
(-0.2, 1.2, 0.3)
(-0.2, 1.2, 0.3)
(-0.2, 1.2, 0.3)
(-0.2, 1.2, 0.3)
(-0.2, 1.2, 0.3)
(-0.2, 1.3, 0.4)
(-0.1, 1.5, 0.4)
(0.0, 1.6, 0.3)
(0.0, 1.6, 0.3)
(0.0, 1.6, 0.3)
(0.0, 1.6, 0.3)
(0.0, 1.6, 0.3)
(0.0, 1.6, 0.3)
(0.0, 1.6, 0.4)
(-0.1, 1.6, 0.4)
(-0.1, 1.6, 0.4)
(0.0, 1.6, 0.4)
(0.0, 1.6, 0.4)
(0.0, 1.6, 0.4)
(0.0, 1.6, 0.4)
(0.0, 1.6, 0.4)
(0.0, 1.6, 0.4)
(0.0, 1.6, 0.4)
(0.0, 1.6, 0.4)
(0.0, 1.6, 0.4)
(0.0, 1.6, 0.4)
(0.0, 1.6, 0.4)
(0.0, 1.6, 0.4)
(0.0, 1.6, 0.4)
(0.0, 1.6, 0.4)
(0.0, 1.6, 0.4)
(0.0, 1.6, 0.4)
(0.0, 1.6, 0.3)
(0.0, 1.6, 0.3)
(0.0, 1.6, 0.4)
(0.0, 1.6, 0.4)
(0.0, 1.6, 0.4)
(-0.1, 1.5, 0.4)
(-0.1, 1.4, 0.4)
(-0.2, 1.3, 0.2)
(-0.1, 1.2, 0.3)
(-0.1, 1.2, 0.3)
(-0.1, 1.2, 0.3)
(-0.1, 1.2, 0.3)
(-0.1, 1.2, 0.3)
(-0.1, 1.2, 0.3)
(-0.1, 1.2, 0.3)
(-0.1, 1.2, 0.3)
(-0.1, 1.2, 0.3)
(-0.2, 1.3, 0.3)
(-0.1, 1.3, 0.2)
(-0.1, 1.3, 0.1)
